      0   431.145
      1   429.424
      2   427.574
      3   425.841
      4   423.991
      5   422.246
      6   420.397
      7   418.641
      8   415.998
      9   414.287
     10   412.459
     11   410.739
     12   408.912
     13   407.184
     14   405.359
     15   403.623
     16   401.057
     17   399.364
     18   397.563
     19   395.864
     20   394.066
     21   392.361
     22   390.568
     23   388.858
     24   386.379
     25   384.710
     26   382.943
     27   381.269
     28   379.508
     29   377.831
     30   376.075
     31   374.396
     32   372.013
     33   370.372
     34   368.644
     35   367.001
     36   365.279
     37   363.636
     38   361.921
     39   360.278
     40   357.993
     41   356.385
     42   354.698
     43   353.091
     44   351.412
     45   349.807
     46   348.136
     47   346.532
     48   344.347
     49   342.776
     50   341.133
     51   339.564
     52   337.931
     53   336.365
     54   334.741
     55   333.179
     56   331.094
     57   329.560
     58   327.965
     59   326.435
     60   324.849
     61   323.325
     62   321.749
     63   320.230
     64   318.242
     65   316.748
     66   315.200
     67   313.712
     68   312.173
     69   310.691
     70   309.163
     71   307.688
     72   305.795
     73   304.341
     74   302.840
     75   301.393
     76   299.902
     77   298.464
     78   296.983
     79   295.552
     80   293.749
     81   292.336
     82   290.882
     83   289.477
     84   288.033
     85   286.637
     86   285.203
     87   283.816
     88   282.098
     89   280.726
     90   279.316
     91   277.954
     92   276.555
     93   275.201
     94   273.814
     95   272.470
     96   270.832
     97   269.499
     98   268.135
     99   266.813
    100   265.458
    101   264.146
    102   262.803
    103   261.501
    104   259.938
    105   258.645
    106   257.324
    107   256.042
    108   254.730
    109   253.459
    110   252.158
    111   250.898
    112   249.407
    113   248.152
    114   246.872
    115   245.628
    116   244.359
    117   243.126
    118   241.867
    119   240.646
    120   239.223
    121   238.004
    122   236.765
    123   235.558
    124   234.329
    125   233.134
    126   231.915
    127   230.733
    128   229.372
    129   228.189
    130   226.988
    131   225.818
    132   224.627
    133   223.469
    134   222.288
    135   221.143
    136   219.841
    137   218.693
    138   217.529
    139   216.394
    140   215.239
    141   214.117
    142   212.972
    143   211.862
    144   210.616
    145   209.501
    146   208.373
    147   207.271
    148   206.152
    149   205.063
    150   203.954
    151   202.879
    152   201.683
    153   200.602
    154   199.507
    155   198.438
    156   197.352
    157   196.296
    158   195.221
    159   194.178
    160   193.032
    161   191.981
    162   190.919
    163   189.881
    164   188.828
    165   187.804
    166   186.761
    167   185.750
    168   184.649
    169   183.627
    170   182.597
    171   181.589
    172   180.568
    173   179.574
    174   178.561
    175   177.581
    176   176.523
    177   175.531
    178   174.531
    179   173.553
    180   172.561
    181   171.596
    182   170.614
    183   169.664
    184   168.646
    185   167.681
    186   166.710
    187   165.760
    188   164.798
    189   163.862
    190   162.908
    191   161.986
    192   161.007
    193   160.069
    194   159.126
    195   158.204
    196   157.269
    197   156.361
    198   155.435
    199   154.541
    200   153.597
    201   152.686
    202   151.771
    203   150.875
    204   149.967
    205   149.086
    206   148.187
    207   147.320
    208   146.410
    209   145.525
    210   144.636
    211   143.766
    212   142.885
    213   142.029
    214   141.156
    215   140.315
    216   139.439
    217   138.579
    218   137.715
    219   136.870
    220   136.015
    221   135.185
    222   134.337
    223   133.522
    224   132.676
    225   131.841
    226   131.003
    227   130.183
    228   129.352
    229   128.547
    230   127.723
    231   126.933
    232   126.118
    233   125.306
    234   124.493
    235   123.697
    236   122.891
    237   122.110
    238   121.311
    239   120.545
    240   119.758
    241   118.971
    242   118.181
    243   117.409
    244   116.626
    245   115.870
    246   115.095
    247   114.354
    248   113.595
    249   112.830
    250   112.064
    251   111.316
    252   110.557
    253   109.824
    254   109.071
    255   108.354
    256   107.623
    257   106.882
    258   106.139
    259   105.414
    260   104.677
    261   103.968
    262   103.239
    263   102.545
    264   101.840
    265   101.121
    266   100.402
    267    99.699
    268    98.986
    269    98.300
    270    97.592
    271    96.923
    272    96.243
    273    95.547
    274    94.850
    275    94.171
    276    93.480
    277    92.817
    278    92.133
    279    91.486
    280    90.832
    281    90.159
    282    89.484
    283    88.828
    284    88.159
    285    87.519
    286    86.856
    287    86.234
    288    85.604
    289    84.953
    290    84.301
    291    83.668
    292    83.021
    293    82.404
    294    81.763
    295    81.163
    296    80.559
    297    79.931
    298    79.301
    299    78.690
    300    78.066
    301    77.472
    302    76.853
    303    76.276
    304    75.697
    305    75.090
    306    74.484
    307    73.895
    308    73.293
    309    72.723
    310    72.125
    311    71.571
    312    71.016
    313    70.432
    314    69.848
    315    69.282
    316    68.703
    317    68.154
    318    67.579
    319    67.048
    320    66.517
    321    65.957
    322    65.395
    323    64.852
    324    64.294
    325    63.769
    326    63.216
    327    62.708
    328    61.733
    329    60.643
    330    59.576
    331    58.530
    332    57.485
    333    56.430
    334    55.398
    335    54.386
    336    53.370
    337    52.344
    338    51.340
    339    50.357
    340    49.423
    341    48.538
    342    47.671
    343    46.822
    344    45.948
    345    45.054
    346    44.178
    347    43.322
    348    42.522
    349    41.772
    350    41.038
    351    40.320
    352    39.581
    353    38.826
    354    38.088
    355    37.368
    356    36.702
    357    36.083
    358    35.481
    359    34.890
    360    34.284
    361    33.663
    362    33.056
    363    32.464
    364    31.911
    365    31.403
    366    30.907
    367    30.421
